79.67
12.56
15.16
17.26
25.35
77.95
61.37
52.99
66.35
51.86
66.52
50.77
47.78
61.11
47.66
52.08
61.68
49.13
56.76
48.93
48.93
49.01
53.80
55.55
45.43
60.16
62.21
63.79
63.56
63.00
62.27
53.96
40.67
41.47
40.98
40.16
37.52
35.36
35.49
37.01
37.45
35.80
35.43
35.97
35.48
35.40
36.29
34.71
33.90
33.80
33.48
33.27
31.14
31.14
33.73
32.52
32.01
31.92
30.65
31.77
31.10
31.22
30.64
29.25
29.22
29.66
28.40
26.76
28.65
26.87
27.10
26.32
24.90
26.90
27.09
25.94
26.46
25.43
27.90
28.50
25.64
27.21
27.27
27.61
28.08
28.39
27.73
25.77
26.77
27.11
28.61
24.42
26.93
26.28
26.71
26.40
27.21
24.94
24.95
25.25
25.90
25.91
26.41
24.40
25.95
24.53
24.52
23.57
25.72
23.97
25.66
25.80
24.02
25.38
25.38
25.37
23.52
24.66
23.79
24.46
22.85
21.89
21.59
21.96
23.16
23.47
23.22
21.10
20.00
22.43
19.80
18.62
18.67
17.92
18.84
19.44
17.86
17.94
15.70
15.69
14.90
16.18
15.96
15.96
18.24
17.15
18.00
18.32
18.50
18.27
18.24
16.29
18.59
18.54
18.02
20.51
18.83
18.16
19.80
17.97
19.41
17.76
19.11
18.29
19.51
17.82
17.79
18.11
17.84
17.77
16.81
17.14
17.14
17.53
17.62
16.45
16.14
18.03
17.97
18.23
17.39
18.10
17.40
18.03
18.79
18.27
17.47
15.03
15.19
14.72
14.04
13.00
12.05
12.19
11.73
12.84
12.73
12.92
12.71
12.71
12.55
12.65
12.79
14.58
13.61
13.25
14.25
14.21
14.11
13.05
13.30
12.48
13.67
14.08
13.24
14.40
14.36
13.29
13.38
12.59
11.49
11.78
12.99
12.31
14.40
13.38
13.35
13.03
13.79
13.12
13.07
12.04
23.86
23.21
24.99
25.79
27.34
27.30
29.40
27.47
23.81
23.65
23.78
24.83
28.92
25.35
29.05
27.87
24.41
28.45
24.27
28.54
25.96
25.96
24.60
24.17
21.67
23.67
25.10
19.98
20.37
21.85
10.85
9.70
10.71
11.17
10.59
10.30
10.46
10.46
11.07
10.44
11.72
11.43
14.48
12.82
11.39
12.93
13.52
12.74
12.74
13.14
12.37
14.10
13.41
12.39
12.22
12.03
10.22
10.66
11.56
10.06
26.26
24.76
22.10
28.92
27.49
22.65
27.53
17.87
9.94
9.64
9.70
8.93
9.85
9.16
9.20
9.12
9.17
9.29
10.99
10.32
11.05
9.88
8.96
9.36
8.37
8.34
8.71
9.05
8.27
8.61
8.60
9.45
8.32
8.80
8.85
8.85
9.58
8.14
8.50
9.26
8.99
10.10
9.70
9.96
8.96
10.51
9.23
9.65
11.05
10.11
9.28
10.75
9.01
10.13
10.05
9.74
9.16
8.69
9.02
9.44
9.32
9.24
9.31
9.31
9.62
10.30
10.66
8.59
9.48
9.34
9.60
9.39
8.45
8.54
8.82
8.53
7.66
10.13
8.47
10.11
11.31
9.71
9.45
8.64
9.04
7.74
8.81
8.81
9.37
9.15
9.63
9.61
8.98
10.71
9.93
9.69
8.92
9.25
7.95
6.89
8.11
7.91
8.30
8.83
8.32
8.41
9.07
8.26
8.88
9.71
9.10
9.00
9.62
9.26
9.26
8.46
10.74
8.79
9.00
9.51
9.54
9.77
8.77
9.23
8.13
8.62
8.92
9.33
11.35
9.40
10.45
10.91
12.11
10.28
11.86
10.83
9.61
9.61
8.64
9.24
8.59
9.47
9.24
9.42
9.75
9.10
10.26
11.97
10.42
10.20
9.12
7.88
7.68
7.72
7.50
7.95
7.56
8.20
7.16
8.47
7.93
7.23
7.23
7.84
7.67
7.79
8.33
9.48
10.18
9.83
9.62
8.97
8.83
9.04
9.21
8.65
8.34
8.23
8.08
7.54
7.53
7.96
7.31
7.90
8.26
8.39
8.05
8.42
7.82
8.00
6.47
7.25
7.96
6.56
8.68
8.77
7.97
8.08
8.66
7.57
8.32
7.49
8.44
7.30
7.34
8.49
7.93
8.27
8.80
9.36
8.64
10.03
10.03
8.89
8.06
9.23
9.56
8.86
8.14
7.92
9.02
8.91
7.84
7.69
7.44
7.50
8.02
8.24
7.97
8.20
8.68
7.00
7.36
6.91
7.35
7.35
6.49
6.61
6.60
6.81
7.49
7.13
6.54
6.62
7.24
7.91
6.65
8.05
7.92
6.94
7.23
7.52
7.32
7.66
6.84
7.37
6.92
6.85
6.17
7.97
7.65
8.56
7.72
7.65
8.29
8.29
7.95
7.43
8.83
8.12
9.69
6.78
8.07
8.36
9.70
8.05
8.27
7.30
8.00
9.00
8.22
7.13
6.80
7.77
6.70
8.08
8.43
8.27
8.31
7.48
8.56
8.10
9.60
9.60
7.40
8.33
8.88
8.64
8.57
9.33
9.21
8.98
8.10
9.17
9.75
7.75
9.63
9.01
9.21
10.42
8.85
10.58
10.49
10.86
11.40
12.32
11.58
16.64
26.58
17.98
20.73
16.68
24.26
22.76
18.89
21.55
15.84
6.27
6.33
5.99
5.80
5.47
6.11
5.91
8.17
10.92
10.92
9.58
10.93
9.01
10.17
9.67
10.09
10.78
9.61
7.46
8.27
8.38
8.73
13.00
13.10
10.08
10.12
9.78
10.67
7.44
8.51
8.36
7.45
8.87
8.24
8.04
8.06
7.84
7.03
7.36
7.10
7.52
7.20
8.42
9.63
8.22
8.28
8.28
8.25
9.67
8.25
8.70
9.59
8.03
7.59
8.00
8.83
8.00
9.41
7.93
9.07
8.05
8.68
9.45
6.89
6.89
8.36
8.53
9.01
7.40
8.85
8.53
8.25
8.32
10.12
8.78
9.80
8.07
7.66
8.28
9.33
8.71
9.10
8.18
11.62
10.66
10.03
10.03
9.46
9.23
10.29
9.87
9.91
8.98
8.45
6.47
6.21
7.10
7.10
7.28
6.31
7.21
5.62
6.15
6.56
8.63
8.07
9.43
8.85
10.50
10.22
10.22
9.14
7.97
8.07
9.03
9.91
8.68
8.48
7.82
8.25
8.56
9.05
7.71
8.81
8.69
11.26
8.10
11.20
9.81
9.29
8.32
9.53
7.90
8.16
8.58
8.69
7.02
7.02
6.95
6.65
7.18
5.97
6.21
7.10
6.59
6.09
6.29
6.19
6.12
6.94
8.09
6.21
6.64
7.25
6.99
6.60
6.22
6.24
10.25
10.25
10.33
10.72
8.33
9.80
8.90
8.62
8.14
8.22
10.47
9.69
10.65
13.03
11.54
6.95
7.01
6.90
5.84
6.95
6.84
6.99
6.45
7.43
7.37
7.19
6.98
6.65
6.99
7.64
10.38
11.31
11.27
10.77
9.68
9.68
9.35
11.20
11.79
12.33
16.44
22.00
18.55
20.61
19.51
24.06
24.03
17.59
6.96
6.98
7.21
5.58
6.54
7.07
7.18
7.18
6.54
8.06
8.06
7.40
7.52
8.31
6.78
7.60
6.92
8.11
8.50
8.34
7.34
7.14
7.16
8.36
6.56
7.66
7.52
7.87
7.26
8.89
8.81
10.63
8.88
9.84
8.83
10.43
11.68
10.50
11.07
12.18
10.87
10.42
9.69
9.69
8.96
7.10
7.61
9.53
9.98
10.90
11.23
11.19
11.25
13.54
13.54
12.39
10.75
13.64
12.01
12.35
12.50
12.64
11.05
6.47
7.91
7.15
7.36
7.83
7.98
7.50
6.90
6.88
6.88
9.61
12.00
13.10
13.04
13.34
11.05
12.33
10.45
11.74
9.51
7.14
6.04
7.31
7.31
6.50
7.26
7.20
7.10
6.98
6.49
6.88
7.38
7.04
7.68
6.86
7.14
8.76
9.70
10.80
10.12
10.82
10.82
10.51
11.72
9.55
9.55
9.50
9.21
10.73
10.76
10.19
10.28
10.77
10.18
9.96
10.89
12.33
8.60
8.79
7.16
7.27
9.58
9.67
11.43
9.43
10.22
11.10
9.79
10.30
10.45
10.81
9.87
12.63
12.63
11.70
13.54
9.38
10.80
6.92
7.10
6.46
6.26
7.25
6.97
6.28
6.50
6.10
6.90
5.70
6.35
6.35
6.58
5.94
6.42
6.82
8.70
8.82
7.86
8.33
9.87
10.59
11.37
11.01
10.13
10.63
9.47
8.64
9.18
9.32
9.93
9.68
8.19
8.10
8.32
9.64
8.05
9.38
7.04
7.54
7.08
6.91
6.54
6.78
6.32
6.95
6.48
6.48
7.14
6.86
8.31
5.84
8.42
10.86
8.68
9.60
8.90
8.56
8.07
8.66
10.10
10.37
7.80
8.41
8.16
9.37
8.05
6.70
8.76
8.80
8.70
5.12
5.60
6.02
5.88
5.87
5.96
5.99
5.97
6.04
6.58
7.00
6.07
6.58
6.49
7.26
6.49
6.12
6.35
7.84
8.25
9.40
8.56
8.92
9.73
9.07
9.17
8.30
9.39
9.16
10.02
10.02
8.58
10.31
8.08
6.64
7.75
8.29
7.31
6.95
7.26
7.00
7.85
9.82
8.51
7.51
8.66
8.47
8.54
9.38
9.20
9.44
9.83
9.18
8.32
8.93
9.66
10.05
9.84
10.42
10.51
9.16
7.13
6.15
6.38
6.94
7.46
7.73
7.73
7.13
6.92
8.28
7.05
7.65
8.37
8.82
6.90
6.57
8.95
7.94
8.27
8.28
7.53
8.15
8.18
7.09
6.95
7.40
8.49
7.24
7.24
7.99
8.80
8.06
9.21
8.75
8.38
7.60
8.44
9.41
7.67
8.24
9.24
7.73
9.50
9.14
8.77
8.45
9.05
7.41
7.32
10.42
19.20
22.34
23.69
20.64
22.32
22.32
20.83
23.39
22.97
18.40
26.72
35.53
30.13
28.40
21.95
21.95
21.62
9.96
6.65
7.28
7.53
6.07
6.77
7.02
7.43
6.93
6.17
6.96
5.84
7.37
8.68
7.78
7.76
8.40
7.48
8.18
8.11
7.68
8.35
8.35
7.57
8.92
7.85
8.81
9.43
8.85
7.75
7.10
7.81
6.87
7.82
7.53
7.85
7.20
6.41
7.09
6.73
6.98
5.86
6.06
5.85
5.67
5.67
5.64
6.71
6.33
6.38
6.30
6.83
6.71
7.15
6.25
6.53
7.06
6.70
7.91
7.30
7.64
7.10
7.36
5.76
7.20
6.39
6.49
6.49
7.89
7.27
7.04
8.42
6.40
6.76
7.58
6.95
6.20
7.43
6.28
6.47
7.27
6.15
6.82
6.51
6.46
6.08
7.43
7.43
5.67
6.54
6.20
5.94
6.69
6.43
6.52
6.78
6.73
6.11
6.86
5.27
6.03
6.29
7.85
6.49
7.62
7.01
7.08
7.89
6.87
7.10
6.36
6.36
5.80
7.46
7.91
7.49
7.70
6.92
5.61
6.00
5.16
5.74
6.77
6.20
6.49
6.25
6.22
6.60
5.90
5.90
6.48
5.45
5.28
5.95
6.15
6.87
5.81
7.61
6.19
7.04
6.95
5.85
6.66
7.07
6.26
6.78
6.37
6.46
5.91
6.71
5.40
5.40
4.84
5.70
6.35
5.77
5.99
5.54
6.72
6.39
6.00
6.24
5.69
5.64
5.70
5.51
5.78
6.21
5.54
5.28
6.15
5.53
5.94
5.90
6.14
6.66
5.52
6.17
5.03
5.42
5.70
6.44
5.91
6.21
8.10
6.07
6.83
5.73
6.88
7.21
5.65
6.82
6.28
6.19
6.25
6.25
5.50
5.41
4.88
5.71
5.33
6.19
5.90
6.46
5.96
6.47
6.56
5.03
5.68
4.55
5.21
5.21
4.70
4.65
6.41
5.83
5.92
6.11
5.09
6.44
6.94
6.89
6.20
6.77
6.81
7.85
7.75
7.87
8.05
6.65
6.90
6.90
6.31
6.56
6.67
6.57
7.52
5.96
9.72
22.09
24.74
20.85
27.55
22.76
26.31
30.84
33.91
33.77
33.95
33.95
28.58
18.14
18.48
16.35
19.95
19.36
18.76
15.58
23.82
18.80
23.94
25.21
16.73
19.08
18.94
21.35
32.94
32.94
31.51
36.76
31.44
33.26
32.43
32.13
35.99
31.17
37.01
30.68
28.19
32.81
33.03
32.83
30.95
25.75
34.40
30.84
37.82
37.82
30.94
39.75
34.68
34.12
38.12
34.47
25.67
31.53
32.03
37.04
30.26
34.74
31.95
35.21
35.21
26.52
27.31
24.47
18.14
23.06
24.50
25.84
22.82
27.19
35.85
31.22
36.25
31.67
27.75
31.22
30.87
30.08
32.78
32.78
28.18
25.10
20.63
18.21
21.51
20.76
25.79
18.45
16.06
7.80
6.06
6.87
7.68
7.44
6.16
6.16
7.02
6.50
6.33
5.56
6.23
5.62
6.80
6.85
6.49
6.46
6.35
7.53
6.76
6.53
9.15
6.47
6.47
7.14
7.36
7.06
6.58
6.96
6.32
4.74
6.66
5.15
5.18
5.38
5.85
5.73
5.73
6.36
6.61
8.08
8.25
7.06
7.74
9.24
9.26
9.36
6.38
7.43
6.33
9.08
7.74
7.54
6.79
6.71
6.71
6.78
6.31
6.76
5.85
6.34
6.70
6.26
6.24
5.51
5.40
6.84
6.96
6.75
7.93
8.51
6.71
7.64
8.99
6.93
7.41
6.65
7.51
7.19
7.46
7.40
7.49
6.81
6.69
6.92
6.08
5.89
5.93
5.85
5.77
7.02
5.42
7.05
5.43
5.82
7.99
6.28
7.41
6.91
6.93
6.17
7.28
6.11
7.41
6.25
6.78
7.24
6.01
6.08
6.19
6.05
6.40
8.29
5.97
7.20
6.84
8.28
7.00
5.27
7.43
6.19
6.30
5.41
5.42
5.99
4.42
5.74
5.59
6.16
6.16
6.05
7.97
10.24
9.46
7.72
8.82
8.32
7.89
10.01
7.23
7.55
7.18
7.98
7.91
7.02
6.37
6.06
6.42
6.34
6.93
5.46
7.91
7.10
7.81
6.40
7.16
7.49
7.31
6.60
7.36
7.51
10.14
7.58
7.32
6.63
7.00
7.00
6.83
8.31
7.02
6.13
7.28
7.44
7.76
7.76
6.82
6.20
6.57
4.49
5.63
8.08
11.10
10.01
10.40
7.08
7.24
10.25
10.94
15.50
19.88
18.10
18.32
17.02
17.02
14.53
12.10
13.37
8.67
8.03
5.25
6.01
6.08
6.17
4.53
5.42
4.94
6.59
12.01
9.69
10.16
10.52
6.42
5.50
5.55
5.41
5.56
7.17
6.04
5.84
5.10
6.21
5.85
5.55
5.04
6.23
6.99
6.74
6.90
6.81
6.96
8.39
7.23
7.37
7.90
8.95
7.65
7.65
8.00
8.33
7.52
8.36
7.99
9.32
12.28
18.70
11.86
10.88
10.17
6.00
5.28
6.28
5.71
5.68
6.45
5.41
5.41
5.46
5.40
5.37
5.82
5.85
4.37
4.99
4.77
4.82
4.37
4.77
5.31
6.94
5.80
6.20
5.78
5.25
5.55
6.73
6.73
6.24
6.79
5.46
6.04
6.01
4.85
4.93
5.77
5.08
5.50
5.12
5.62
5.02
5.24
7.28
7.04
7.21
4.16
7.54
6.86
6.86
6.61
5.28
7.24
6.95
7.80
5.08
5.02
5.01
4.36
4.52
4.99
5.00
4.58
3.61
4.01
7.30
12.06
12.50
12.14
12.14
10.98
11.88
9.80
9.48
10.51
10.47
6.23
4.70
4.80
5.42
6.20
6.11
5.33
5.97
5.86
5.57
6.46
5.94
4.23
8.07
4.62
6.28
7.30
7.54
7.14
7.24
4.85
6.40
5.28
5.46
6.56
6.17
4.65
4.63
7.81
8.36
8.40
8.37
10.56
6.91
32.16
11.13
6.93
6.06
9.30
5.34
6.55
5.06
5.87
8.85
5.99
6.07
6.59
4.25
6.87
5.14
4.07
3.22
5.56
4.27
3.38
3.78
5.21
3.60
2.84
2.64
3.15
3.64
4.73
2.75
4.37
3.86
7.38
5.24
6.37
2.69
3.40
4.07
3.05
3.41
3.75
2.62
4.14
3.74
3.22
10.41
11.16
11.05
9.15
4.96
3.87
7.28
11.08
9.41
9.34
11.78
11.39
7.10
7.58
6.67
6.98
6.27
7.04
6.34
8.61
6.49
8.06
9.61
7.87
9.47
7.31
7.89
10.65
10.56
9.47
8.71
7.62
9.60
8.60
6.59
8.86
8.18
6.35
7.71
5.85
7.84
8.26
4.92
3.81
2.61
2.61
4.65
6.47
4.82
6.97
5.40
6.11
4.37
5.31
3.89
3.54
3.93
3.93
4.09
4.86
4.69
5.96
5.03
5.89
5.34
4.66
5.88
5.90
3.98
4.24
4.38
3.67
3.64
3.64
3.48
2.81
2.72
2.44
2.30
3.14
2.66
2.81
2.56
2.85
2.28
2.39
1.66
2.78
5.22
5.00
4.77
4.83
6.44
4.14
3.55
3.48
3.57
3.85
4.11
3.99
12.34
8.42
8.42
10.77
8.21
8.92
8.51
8.34
8.66
8.16
6.59
7.54
8.77
5.31
10.02
6.81
6.75
6.81
7.09
4.55
5.97
8.65
7.26
4.55
5.31
7.15
8.30
7.08
6.45
9.11
8.55
8.92
7.72
7.78
6.93
9.95
5.86
10.62
13.88
9.58
6.30
4.90
4.86
2.67
20.30
17.91
19.10
22.69
22.74
19.63
16.83
15.32
17.49
19.08
8.79
12.29
17.91
15.02
21.25
15.29
16.49
12.07
27.46
15.60
15.17
15.17
17.06
20.62
17.00
13.80
15.05
9.55
13.91
9.36
8.13
10.48
11.97
11.41
12.02
12.23
12.23
20.36
22.58
21.23
14.29
14.55
14.42
16.57
14.89
12.92
15.59
12.66
14.21
20.82
20.03
11.60
16.50
15.42
19.55
12.38
15.93
16.20
13.72
11.48
17.79
18.78
17.99
19.09
16.78
19.65
14.17
18.88
13.91
14.84
12.04
16.76
15.78
16.44
16.44
9.70
16.24
17.83
18.81
19.34
18.05
16.14
19.64
12.18
22.31
21.15
16.14
18.08
19.31
22.24
20.29
20.43
19.58
21.48
22.64
25.24
18.67
21.24
21.74
23.44
22.29
24.60
22.37
23.33
22.76
22.94
23.15
23.14
26.16
21.30
22.97
23.19
23.05
20.17
20.47
22.58
23.29
18.66
18.16
22.38
16.54
18.82
16.84
14.06
14.81
15.29
16.11
15.37
15.03
17.84
15.46
15.40
16.53
16.66
21.68
14.56
15.88
17.24
13.85
20.70
13.89
14.84
17.78
17.16
16.95
13.58
12.97
13.57
13.54
11.90
15.89
16.94
15.76
21.96
18.61
19.34
15.62
16.20
12.31
13.47
20.25
13.23
14.80
14.55
14.55
13.48
10.65
8.11
11.13
13.15
15.45
10.66
9.88
10.13
6.00
7.56
8.49
7.21
11.51
10.30
8.62
8.71
8.47
9.23
8.54
3.57
7.08
10.66
10.40
8.85
10.34
11.07
11.74
8.42
8.27
9.46
7.47
7.47
8.18
10.90
6.95
8.55
6.82
9.47
5.07
8.54
8.32
8.03
9.78
6.79
6.66
5.39
5.39
5.70
6.20
3.85
4.13
3.99
2.12
6.62
9.91
7.87
11.16
7.46
7.46
2.13
4.05
4.61
12.56
5.02
9.72
11.45
2.81
2.88
3.43
7.14
4.80
3.99
5.89
5.89
6.99
6.72
2.98
5.99
6.55
5.10
7.40
2.74
5.65
5.74
9.90
7.10
8.58
32.46
17.77
17.16
6.71
16.64
12.02
12.48
10.88
8.41
8.97
5.16
6.88
14.85
9.74
9.70
9.41
8.41
7.98
5.70
2.93
6.07
3.51
4.30
5.48
3.93
4.57
2.85
2.95
2.45
2.93
3.27
3.62
3.84
5.08
5.56
5.81
5.48
4.30
3.22
3.44
3.44
2.54
4.62
3.39
3.69
3.15
2.82
2.43
2.07
3.02
2.04
2.50
2.32
2.41
2.41
3.27
4.90
5.82
5.91
7.16
5.43
3.50
3.58
3.93
3.88
5.89
4.24
3.48
1.55
1.89
4.43
3.43
3.68
3.16
2.60
2.44
2.79
2.36
3.51
3.09
4.37
5.68
8.65
7.42
8.41
8.41
15.82
2.42
6.59
2.89
2.53
3.62
3.42
6.11
6.74
4.63
4.63
4.04
3.89
1.99
3.04
2.20
2.77
2.70
2.29
2.45
3.05
2.78
4.91
5.21
6.33
6.33
5.94
5.92
7.45
35.89
9.67
12.62
14.94
2.74
2.32
2.32
2.98
4.66
5.41
5.08
4.05
5.32
4.53
3.91
3.91
4.37
4.17
9.69
10.63
11.82
9.02
9.69
9.35
10.27
6.06
3.50
5.01
4.09
5.79
4.71
5.09
5.09
2.62
3.26
5.54
7.18
5.72
6.03
5.22
5.65
13.15
11.56
11.45
13.72
7.71
2.58
5.84
7.51
3.69
4.51
5.79
5.49
5.49
6.53
7.30
3.65
2.17
3.37
1.85
3.03
2.80
2.97
4.43
6.30
4.17
1.56
3.34
2.57
2.57
3.09
2.78
2.59
3.15
2.30
3.19
3.58
2.01
2.35
2.95
3.39
6.08
14.02
6.82
8.13
13.56
16.66
13.14
7.49
5.38
8.58
8.58
5.00
5.17
4.96
2.30
3.00
2.60
2.86
2.39
5.16
5.95
3.38
4.28
3.59
3.72
3.78
2.92
4.36
4.54
1.91
3.75
2.66
2.20
2.87
2.87
2.82
2.58
2.16
2.39
2.19
1.18
3.89
4.61
5.86
2.40
3.02
3.02
2.30
2.15
3.79
4.18
2.78
3.31
3.24
3.24
3.24
2.05
3.31
3.41
4.47
4.75
11.67
8.98
21.23
18.63
1.58
3.35
3.43
3.38
2.55
3.46
3.40
3.50
2.28
2.92
2.37
3.98
4.75
4.79
4.87
3.94
4.13
3.60
1.89
3.03
2.38
2.25
2.50
3.92
5.42
5.08
5.80
4.94
3.95
3.13
3.04
3.10
2.11
2.29
2.08
2.08
2.21
3.68
5.42
5.33
5.34
2.93
5.29
11.65
12.57
11.63
8.21
3.16
2.65
2.44
3.83
4.08
3.31
4.41
5.82
4.05
3.88
3.25
3.19
3.20
5.74
4.70
2.61
2.83
2.57
3.85
2.35
2.89
2.66
3.32
2.68
2.35
2.48
2.87
2.68
2.73
2.48
3.49
3.70
3.72
2.80
3.70
2.03
2.16
3.15
3.64
4.13
3.85
3.85
3.35
2.80
2.77
3.36
2.53
4.92
3.49
3.77
3.99
2.94
2.37
2.54
3.58
3.51
4.88
3.26
4.19
3.87
3.61
3.85
4.16
4.23
3.04
4.01
3.29
3.80
2.95
3.58
3.72
3.18
3.12
3.71
4.02
4.86
4.69
4.68
4.11
3.76
5.00
4.60
4.60
4.85
5.61
4.52
5.50
4.25
4.49
4.28
4.59
3.34
3.17
4.69
3.33
3.83
4.03
4.03
3.54
2.60
3.73
4.79
4.11
4.59
3.55
5.59
6.67
6.41
7.80
4.45
4.37
3.92
4.56
3.76
3.57
2.44
2.56
7.14
3.95
5.99
5.78
6.99
7.05
4.85
5.10
4.82
4.91
4.49
4.24
4.58
3.16
3.16
4.98
4.10
5.02
5.86
5.42
5.60
6.78
5.90
7.37
4.59
5.59
4.65
5.33
6.02
4.82
4.17
4.78
4.57
5.13
3.36
3.36
4.51
5.58
5.20
5.64
4.43
5.78
3.95
13.43
5.26
4.76
2.96
4.68
6.84
6.65
6.24
6.03
5.33
5.31
4.81
4.58
5.95
5.64
4.61
4.52
3.13
3.93
9.14
4.85
7.60
3.79
3.79
3.58
3.66
10.11
14.04
8.43
8.43
9.30
5.15
5.36
6.36
4.33
5.94
1.64
1.86
1.64
1.85
1.85
3.74
4.42
3.99
5.17
3.54
4.50
4.07
2.02
5.87
7.43
8.97
15.42
3.33
3.88
3.74
4.66
4.47
4.66
3.24
3.39
5.54
6.03
2.79
5.30
6.36
2.32
3.98
3.98
4.19
3.57
12.36
5.87
11.88
6.34
6.34
2.30
3.78
1.66
2.85
2.14
2.67
2.27
3.99
3.29
2.74
3.16
1.63
1.93
1.93
2.70
1.56
4.06
2.64
4.96
2.23
3.93
3.48
2.57
4.60
2.15
5.10
4.48
1.67
3.94
3.42
3.07
4.27
2.94
2.77
4.64
4.64
2.86
3.18
4.54
2.29
3.90
4.21
5.46
1.85
3.33
5.14
2.73
3.27
3.27
4.29
2.94
1.88
4.14
4.24
3.02
2.18
4.71
4.58
6.30
1.75
3.63
4.34
3.78
2.95
3.37
2.60
3.56
3.26
2.60
4.71
2.07
2.78
2.76
3.65
4.87
3.53
4.16
2.86
3.77
5.39
2.22
2.52
4.99
5.04
4.99
4.97
4.71
6.08
2.65
2.91
4.81
6.18
2.36
2.69
3.60
4.59
4.84
3.00
4.15
6.71
18.93
14.51
5.71
2.39
4.48
5.06
3.73
3.68
3.62
2.63
3.51
4.31
4.71
5.56
5.85
2.64
4.49
4.75
5.04
6.73
6.86
4.70
7.37
6.72
4.48
5.83
5.30
5.67
5.10
5.38
5.57
6.19
6.12
6.22
2.02
5.08
4.87
6.15
5.07
4.36
0.64
3.22
4.72
7.01
5.16
4.86
1.57
7.38
7.22
9.05
6.97
7.09
6.69
2.36
5.21
2.42
4.76
2.45
2.44
3.55
2.11
2.91
4.23
4.65
4.65
1.58
3.48
2.09
3.27
8.56
4.45
2.43
2.15
2.32
3.04
2.82
2.87
2.90
2.34
2.70
4.45
2.11
3.17
2.72
2.72
2.61
3.79
3.15
1.97
1.97
2.59
2.99
2.98
2.45
3.08
2.19
3.25
4.87
1.48
2.66
2.66
1.95
2.36
5.11
1.98
2.44
2.74
3.11
2.53
4.34
2.88
3.88
1.57
1.57
3.18
4.19
4.21
2.44
2.99
2.98
2.42
3.40
2.73
2.42
2.42
1.96
2.47
3.41
1.71
2.82
2.35
3.61
3.69
3.69
4.72
3.55
4.07
3.89
2.07
2.80
5.72
2.08
2.31
3.19
3.19
2.76
80.74
1.33
3.79
2.87
2.64
3.87
5.20
1.59
2.73
2.16
3.83
4.12
4.12
2.47
2.46
2.05
2.64
3.57
4.70
2.02
3.54
3.06
3.01
3.75
4.55
4.29
2.01
2.23
2.43
3.95
4.10
0.89
2.70
2.70
2.62
2.86
2.44
0.55
2.61
2.04
2.99
4.31
2.81
3.27
3.27
3.10
2.36
3.53
3.79
2.38
5.97
6.82
4.02
5.21
1.83
1.83
3.02
2.78
3.00
2.62
4.64
1.86
1.82
2.46
3.65
4.25
2.15
2.85
2.85
2.23
3.22
4.12
2.85
1.82
3.26
3.23
2.66
4.15
1.49
1.47
3.19
1.97
3.01
3.07
4.60
1.80
3.39
2.20
3.33
3.63
4.43
4.04
3.58
3.72
1.87
7.05
13.03
5.99
4.23
5.35
1.28
2.85
3.13
4.48
4.07
3.56
1.98
2.74
2.99
4.36
4.36
4.85
1.64
1.16
3.13
3.43
3.56
4.79
5.98
4.31
4.01
3.97
5.77
5.28
5.00
2.00
5.03
4.23
4.25
4.32
2.95
0.89
5.14
3.96
3.96
2.20
4.54
4.44
7.22
5.48
7.20
4.45
3.78
1.89
7.21
8.89
11.50
11.91
7.69
8.23
9.27
10.78
11.00
11.28
1.10
8.11
9.49
4.99
12.90
11.10
3.45
3.57
7.22
3.89
7.66
2.07
2.07
3.98
4.19
4.61
5.07
5.67
6.85
6.50
3.46
8.00
3.99
3.99
5.31
4.27
3.05
5.71
5.11
4.69
4.51
4.70
4.70
1.22
2.27
4.18
5.82
5.72
6.52
6.40
4.35
3.02
6.90
3.68
5.26
27.64
8.47
8.64
3.95
5.28
5.21
5.21
5.73
6.56
5.33
0.57
2.75
4.64
6.95
7.02
1.76
1.95
5.04
5.13
2.31
2.31
2.00
3.45
2.83
9.16
16.17
2.46
5.75
3.24
3.93
5.00
5.00
1.18
2.17
3.34
3.24
4.82
3.26
3.26
1.72
3.06
3.94
5.77
2.25
1.55
2.94
3.19
6.01
5.63
5.63
0.76
3.81
4.32
9.98
1.44
2.38
2.69
4.10
5.31
5.31
1.47
2.71
3.33
3.96
4.87
1.54
4.12
3.91
3.91
5.63
2.25
3.25
3.93
22.40
16.89
8.31
4.97
3.77
4.02
4.08
5.85
2.35
3.11
3.48
4.83
4.55
1.86
3.34
3.34
3.84
4.81
7.01
1.47
2.46
2.61
3.64
1.08
1.42
5.62
6.67
7.62
7.62
4.88
2.65
1.60
3.05
5.39
2.85
2.24
2.26
4.06
4.64
4.64
1.70
3.00
2.72
3.19
2.29
2.06
3.51
5.75
5.75
1.29
2.66
3.51
5.42
3.24
12.51
4.25
2.45
4.13
4.20
1.09
1.25
4.46
4.17
2.83
1.45
3.11
2.83
1.38
2.85
2.18
3.15
5.84
2.13
1.80
5.65
4.66
4.66
1.68
2.16
2.90
5.57
3.35
2.82
3.07
4.16
3.67
2.24
1.96
4.18
4.57
1.94
3.11
2.45
2.65
3.35
7.51
6.72
3.01
5.31
1.76
1.73
3.35
3.35
5.64
0.09
3.29
3.91
2.41
1.16
4.49
1.91
3.41
5.37
2.06
1.54
1.71
3.96
0.92
3.39
1.41
6.28
10.90
10.90
1.41
2.14
3.65
1.65
2.29
2.12
3.59
4.47
4.69
2.80
2.53
2.94
2.29
2.78
4.79
5.25
3.08
3.21
1.86
3.75
4.84
4.92
2.66
3.06
1.73
3.14
1.98
3.45
1.80
3.83
2.97
2.77
2.77
1.37
4.58
3.18
3.45
3.80
3.94
3.80
4.15
4.58
3.39
3.23
3.74
9.15
9.52
9.52
4.78
4.37
7.60
8.33
8.30
10.53
17.68
12.43
14.51
11.12
5.15
2.54
3.19
6.14
3.54
3.76
3.76
1.57
5.27
4.80
4.18
4.02
4.02
2.43
3.86
4.32
3.46
2.95
2.08
3.01
5.00
3.16
1.09
3.79
4.29
4.29
2.50
1.67
2.49
9.56
2.39
6.61
9.00
2.68
4.98
5.46
1.41
3.93
6.08
4.51
3.46
3.21
3.21
5.15
2.66
2.22
3.00
12.40
7.20
1.99
2.10
4.07
4.22
5.23
0.81
2.73
5.74
5.09
3.99
2.61
2.06
0.00
0.00
0.00
0.00
0.00
0.00
0.00
0.00
0.00
0.00
0.00
0.00
0.00
0.00
0.00
0.00
0.00
0.00
0.00
0.00
0.00
0.00
0.00
0.00
0.00
0.00
0.00
0.00
0.00
0.00
0.00
0.00
0.00
0.00
0.00
0.00
0.00
0.00
0.00
0.00
0.00
0.00
0.00
0.00
0.00
0.00
0.00
0.00
0.00
0.00
0.00
0.00
0.00
0.00
0.00
0.00
0.00
0.00
0.00
0.00
0.00
0.00
0.00
0.00
0.00
0.00
0.00
0.00
0.00
0.00
0.00
0.00
0.00
0.00
0.00
0.00
0.00
0.00
0.00
0.00
0.00
0.00
0.00
0.00
0.00
0.00
0.00
0.00
0.00
0.00
0.00
0.00
0.00
0.00
0.00
0.00
0.00
0.00
0.00
0.00
0.00
0.00
0.00
0.00
0.00
0.00
0.00
0.00
0.00
0.00
0.00
0.00
0.00
0.00
0.00
0.00
0.00
0.00
0.00
0.00
0.00
0.00
0.00
0.00
0.00
0.00
0.00
0.00
0.00
0.00
0.00
0.00
0.00
0.00
0.00
0.00
0.00
0.00
0.00
0.00
0.00
0.00
0.00
0.00
0.00
0.00
0.00
0.00
0.00
0.00
0.00
0.00
0.00
0.00
0.00
0.00
0.00
0.00
0.00
0.00
0.00
0.00
0.00
0.00
0.00
0.00
0.00
0.00
0.00
0.00
0.00
0.00
0.00
0.00
0.00
0.00
0.00
0.00
0.00
0.00
0.00
0.00
0.00
0.00
0.00
0.00
0.00
0.00
0.00
0.00
0.00
0.00
0.00
0.00
0.00
0.00
0.00
0.00
0.00
0.00
0.00
0.00
0.00
0.00
0.00
0.00
0.00
0.00
0.00
0.00
0.00
0.00
0.00
0.00
0.00
0.00
0.00
0.00
0.00
0.00
0.00
0.00
0.00
0.00
0.00
0.00
0.00
0.00
0.00
0.00
0.00
0.00
0.00
0.00
0.00
0.00
0.00
0.00
0.00
0.00
0.00
0.00
0.00
0.00
0.00
0.00
0.00
0.00
0.00
0.00
0.00
0.00
0.00
0.00
0.00
0.00
0.00
0.00
0.00
0.00
0.00
0.00
0.00
0.00
0.00
0.00
0.00
0.00
0.00
0.00
0.00
0.00
0.00
0.00
0.00
0.00
0.00
0.00
0.00
0.00
0.00
0.00
0.00
0.00
0.00
0.00
0.00
0.00
0.00
0.00
0.00
0.00
0.00
0.00
0.00
0.00
0.00
0.00
0.00
0.00
0.00
0.00
0.00
0.00
0.00
0.00
0.00
0.00
0.00
0.00
0.00
0.00
0.00
0.00
0.00
0.00
0.00
0.00
0.00
0.00
0.00
0.00
0.00
0.00
0.00
0.00
0.00
0.00
0.00
0.00
0.00
0.00
0.00
0.00
0.00
0.00
0.00
0.00
0.00
0.00
0.00
0.00
0.00
0.00
0.00
0.00
0.00
0.00
0.00
0.00
0.00
0.00
0.00
0.00
0.00
0.00
0.00
0.00
0.00
0.00
0.00
0.00
0.00
0.00
0.00
0.00
0.00
0.00
0.00
0.00
0.00
0.00
0.00
0.00
0.00
0.00
0.00
0.00
0.00
0.00
0.00
0.00
0.00
0.00
0.00
0.00
0.00
0.00
0.00
0.00
0.00
0.00
0.00
0.00
0.00
0.00
0.00
0.00
0.00
0.00
0.00
0.00
0.00
0.00
0.00
0.00
0.00
0.00
0.00
0.00
0.00
0.00
0.00
0.00
0.00
0.00
0.00
0.00
0.00
0.00
0.00
0.00
0.00
0.00
0.00
0.00
0.00
0.00
0.00
0.00
0.00
0.00
0.00
0.00
0.00
0.00
0.00
0.00
0.00
0.00
0.00
0.00
0.00
0.00
0.00
0.00
0.00
0.00
0.00
0.00
0.00
0.00
0.00
0.00
0.00
0.00
0.00
0.00
0.00
0.00
0.00
0.00
0.00
0.00
0.00
0.00
0.00
0.00
0.00
0.00
0.00
0.00
0.00
0.00
0.00
0.00
0.00
0.00
0.00
0.00
0.00
0.00
0.00
0.00
0.00
0.00
0.00
0.00
0.00
0.00
0.00
0.00
0.00
0.00
0.00
0.00
0.00
0.00
0.00
0.00
0.00
0.00
0.00
0.00
0.00
0.00
0.00
0.00
0.00
0.00
0.00
0.00
0.00
0.00
0.00
0.00
0.00
0.00
0.00
0.00
0.00
0.00
0.00
0.00
0.00
0.00
0.00
0.00
0.00
0.00
0.00
0.00
0.00
0.00
0.00
0.00
0.00
0.00
0.00
0.00
0.00
0.00
0.00
0.00
0.00
0.00
0.00
0.00
0.00
0.00
0.00
0.00
0.00
0.00
0.00
0.00
0.00
0.00
0.00
0.00
0.00
0.00
0.00
0.00
0.00
0.00
0.00
0.00
0.00
0.00
0.00
0.00
0.00
0.00
0.00
0.00
0.00
0.00
0.00
0.00
0.00
0.00
0.00
0.00
0.00
0.00
0.00
0.00
0.00
0.00
0.00
0.00
0.00
0.00
0.00
0.00
0.00
0.00
0.00
0.00
0.00
0.00
0.00
0.00
0.00
0.00
0.00
0.00
0.00
0.00
0.00
0.00
0.00
0.00
0.00
0.00
0.00
0.00
0.00
0.00
0.00
0.00
0.00
0.00
0.00
0.00
0.00
0.00
0.00
0.00
0.00
0.00
0.00
0.00
0.00
0.00
0.00
0.00
0.00
0.00
0.00
0.00
0.00
0.00
0.00
0.00
0.00
0.00
0.00
0.00
0.00
0.00
0.00
0.00
0.00
0.00
0.00
0.00
0.00
0.00
0.00
0.00
0.00
0.00
0.00
0.00
0.00
0.00
0.00
0.00
0.00
0.00
0.00
0.00
0.00
0.00
0.00
0.00
0.00
0.00
0.00
0.00
0.00
0.00
0.00
0.00
0.00
0.00
0.00
0.00
0.00
0.00
0.00
0.00
0.00
0.00
0.00
0.00
0.00
0.00
0.00
0.00
0.00
0.00
0.00
0.00
0.00
0.00
0.00
0.00
0.00
0.00
0.00
0.00
0.00
0.00
0.00
0.00
0.00
0.00
0.00
0.00
0.00
0.00
0.00
0.00
0.00
0.00
0.00
0.00
0.00
0.00
0.00
0.00
0.00
0.00
0.00
0.00
0.00
0.00
0.00
0.00
0.00
0.00
0.00
0.00
0.00
0.00
0.00
0.00
0.00
0.00
0.00
0.00
0.00
0.00
0.00
0.00
0.00
0.00
0.00
0.00
0.00
0.00
0.00
0.00
0.00
0.00
0.00
0.00
0.00
0.00
0.00
0.00
0.00
0.00
0.00
0.00
0.00
0.00
0.00
0.00
0.00
0.00
0.00
0.00
0.00
0.00
0.00
0.00
0.00
0.00
0.00
0.00
0.00
0.00
0.00
0.00
0.00
0.00
0.00
0.00
0.00
0.00
0.00
0.00
0.00
0.00
0.00
0.00
0.00
0.00
0.00
0.00
0.00
0.00
0.00
0.00
0.00
0.00
0.00
0.00
0.00
0.00
0.00
0.00
0.00
0.00
0.00
0.00
0.00
0.00
0.00
0.00
0.00
0.00
0.00
0.00
0.00
0.00
0.00
0.00
0.00
0.00
0.00
0.00
0.00
0.00
0.00
0.00
0.00
0.00
0.00
0.00
0.00
0.00
0.00
0.00
0.00
0.00
0.00
0.00
0.00
0.00
0.00
0.00
0.00
0.00
0.00
0.00
0.00
0.00
0.00
0.00
0.00
0.00
0.00
0.00
0.00
0.00
0.00
0.00
0.00
0.00
0.00
0.00
0.00
0.00
0.00
0.00
0.00
0.00
0.00
0.00
0.00
0.00
0.00
0.00
0.00
0.00
0.00
0.00
0.00
0.00
0.00
0.00
0.00
0.00
0.00
0.00
0.00
0.00
0.00
0.00
0.00
0.00
0.00
0.00
0.00
0.00
0.00
0.00
0.00
0.00
0.00
0.00
0.00
0.00
0.00
0.00
0.00
0.00
0.00
0.00
0.00
0.00
0.00
0.00
0.00
0.00
0.00
0.00
0.00
0.00
0.00
0.00
0.00
0.00
0.00
0.00
0.00
0.00
0.00
0.00
0.00
0.00
0.00
0.00
0.00
0.00
0.00
0.00
0.00
0.00
0.00
0.00
0.00
0.00
0.00
0.00
0.00
0.00
0.00
0.00
0.00
0.00
0.00
0.00
0.00
0.00
0.00
0.00
0.00
0.00
0.00
0.00
0.00
0.00
0.00
0.00
0.00
0.00
0.00
0.00
0.00
0.00
0.00
0.00
0.00
0.00
0.00
0.00
0.00
0.00
0.00
0.00
0.00
0.00
0.00
0.00
0.00
0.00
0.00
0.00
0.00
0.00
0.00
0.00
0.00
0.00
0.00
0.00
0.00
0.00
0.00
0.00
0.00
0.00
0.00
0.00
0.00
0.00
0.00
0.00
0.00
0.00
0.00
0.00
0.00
0.00
0.00
0.00
0.00
0.00
0.00
0.00
0.00
0.00
0.00
0.00
0.00
0.00
0.00
0.00
0.00
0.00
0.00
0.00
0.00
0.00
0.00
0.00
0.00
0.00
0.00
0.00
0.00
0.00
0.00
0.00
0.00
0.00
0.00
0.00
0.00
0.00
0.00
0.00
0.00
0.00
0.00
0.00
0.00
0.00
0.00
0.00
0.00
0.00
0.00
0.00
0.00
0.00
0.00
0.00
0.00
0.00
0.00
0.00
0.00
0.00
0.00
0.00
0.00
0.00
0.00
0.00
0.00
0.00
0.00
0.00
0.00
0.00
0.00
0.00
0.00
0.00
0.00
0.00
0.00
0.00
0.00
0.00
0.00
0.00
0.00
0.00
0.00
0.00
0.00
0.00
0.00
0.00
0.00
0.00
0.00
0.00
0.00
0.00
0.00
0.00
0.00
0.00
0.00
0.00
0.00
0.00
0.00
0.00
0.00
0.00
0.00
0.00
0.00
0.00
0.00
0.00
0.00
0.00
0.00
0.00
0.00
0.00
0.00
0.00
0.00
0.00
0.00
0.00
0.00
0.00
0.00
0.00
0.00
0.00
0.00
0.00
0.00
0.00
0.00
0.00
0.00
0.00
0.00
0.00
0.00
0.00
0.00
0.00
0.00
0.00
0.00
0.00
0.00
0.00
0.00
0.00
0.00
0.00
0.00
0.00
0.00
0.00
0.00
0.00
0.00
0.00
0.00
0.00
0.00
0.00
0.00
0.00
0.00
0.00
0.00
0.00
0.00
0.00
0.00
0.00
0.00
0.00
0.00
0.00
0.00
0.00
0.00
0.00
0.00
0.00
0.00
0.00
0.00
0.00
0.00
0.00
0.00
0.00
0.00
0.00
0.00
0.00
0.00
0.00
0.00
0.00
0.00
0.00
0.00
0.00
0.00
0.00
0.00
0.00
0.00
0.00
0.00
0.00
0.00
0.00
0.00
0.00
0.00
0.00
0.00
0.00
0.00
0.00
0.00
0.00
0.00
0.00
0.00
0.00
0.00
0.00
0.00
0.00
0.00
0.00
0.00
0.00
0.00
0.00
0.00
0.00
0.00
0.00
0.00
0.00
0.00
0.00
0.00
0.00
0.00
0.00
0.00
0.00
0.00
0.00
0.00
0.00
0.00
0.00
0.00
0.00
0.00
0.00
0.00
0.00
0.00
0.00
0.00
0.00
0.00
0.00
0.00
0.00
0.00
0.00
0.00
0.00
0.00
0.00
0.00
0.00
0.00
0.00
0.00
0.00
0.00
0.00
0.00
0.00
0.00
0.00
0.00
0.00
0.00
0.00
0.00
0.00
0.00
0.00
0.00
0.00
0.00
0.00
0.00
0.00
0.00
0.00
0.00
0.00
0.00
0.00
0.00
0.00
0.00
0.00
0.00
0.00
0.00
0.00
0.00
0.00
0.00
0.00
0.00
0.00
0.00
0.00
0.00
0.00
0.00
0.00
0.00
0.00
0.00
0.00
0.00
0.00
0.00
0.00
0.00
0.00
0.00
0.00
0.00
0.00
0.00
0.00
0.00
0.00
0.00
0.00
0.00
0.00
0.00
0.00
0.00
0.00
0.00
0.00
0.00
0.00
0.00
0.00
0.00
0.00
0.00
0.00
0.00
0.00
0.00
0.00
0.00
0.00
0.00
0.00
0.00
0.00
0.00
0.00
0.00
0.00
0.00
0.00
0.00
0.00
0.00
0.00
0.00
0.00
0.00
0.00
0.00
0.00
0.00
0.00
0.00
0.00
0.00
0.00
0.00
0.00
0.00
0.00
0.00
0.00
0.00
0.00
0.00
0.00
0.00
0.00
0.00
0.00
0.00
0.00
0.00
0.00
0.00
0.00
0.00
0.00
0.00
0.00
0.00
0.00
0.00
0.00
0.00
0.00
0.00
0.00
0.00
0.00
0.00
0.00
0.00
0.00
0.00
0.00
0.00
0.00
0.00
0.00
0.00
0.00
0.00
0.00
0.00
0.00
0.00
0.00
0.00
0.00
0.00
0.00
0.00
0.00
0.00
0.00
0.00
0.00
0.00
0.00
0.00
0.00
0.00
0.00
0.00
0.00
0.00
0.00
0.00
0.00
0.00
0.00
0.00
0.00
0.00
0.00
0.00
0.00
0.00
0.00
0.00
0.00
0.00
0.00
0.00
0.00
0.00
0.00
0.00
0.00
0.00
0.00
0.00
0.00
0.00
0.00
0.00
0.00
0.00
0.00
0.00
0.00
0.00
0.00
0.00
0.00
0.00
0.00
0.00
0.00
0.00
0.00
0.00
0.00
0.00
0.00
0.00
0.00
0.00
0.00
0.00
0.00
0.00
0.00
0.00
0.00
0.00
0.00
0.00
0.00
0.00
0.00
0.00
0.00
0.00
0.00
0.00
0.00
0.00
0.00
0.00
0.00
0.00
0.00
0.00
0.00
0.00
0.00
0.00
0.00
0.00
0.00
0.00
0.00
0.00
0.00
0.00
0.00
0.00
0.00
0.00
0.00
0.00
0.00
0.00
0.00
0.00
0.00
0.00
0.00
0.00
0.00
0.00
0.00
0.00
0.00
0.00
0.00
0.00
0.00
0.00
0.00
0.00
0.00
0.00
0.00
0.00
0.00
0.00
0.00
0.00
0.00
0.00
0.00
0.00
0.00
0.00
0.00
0.00
0.00
0.00
0.00
0.00
0.00
0.00
0.00
0.00
0.00
0.00
0.00
0.00
0.00
0.00
0.00
0.00
0.00
0.00
0.00
0.00
0.00
0.00
0.00
0.00
0.00
0.00
0.00
0.00
0.00
0.00
0.00
0.00
0.00
0.00
0.00
0.00
0.00
0.00
0.00
0.00
0.00
0.00
0.00
0.00
0.00
0.00
0.00
0.00
0.00
0.00
0.00
0.00
0.00
0.00
0.00
0.00
0.00
0.00
0.00
0.00
0.00
0.00
0.00
0.00
0.00
0.00
0.00
0.00
0.00
0.00
0.00
0.00
0.00
0.00
0.00
0.00
0.00
0.00
0.00
0.00
0.00
0.00
0.00
0.00
0.00
0.00
0.00
0.00
0.00
0.00
0.00
0.00
0.00
0.00
0.00
0.00
0.00
0.00
0.00
0.00
0.00
0.00
0.00
0.00
0.00
0.00
0.00
0.00
0.00
0.00
0.00
0.00
0.00
0.00
0.00
0.00
0.00
0.00
0.00
0.00
0.00
0.00
0.00
0.00
0.00
0.00
0.00
0.00
0.00
0.00
0.00
0.00
0.00
0.00
0.00
0.00
0.00
0.00
0.00
0.00
0.00
0.00
0.00
0.00
0.00
0.00
0.00
0.00
0.00
0.00
0.00
0.00
0.00
0.00
0.00
0.00
0.00
0.00
0.00
0.00
0.00
0.00
0.00
0.00
0.00
0.00
0.00
0.00
0.00
0.00
0.00
0.00
0.00
0.00
0.00
0.00
0.00
0.00
0.00
0.00
0.00
0.00
0.00
0.00
0.00
0.00
0.00
0.00
0.00
0.00
0.00
0.00
0.00
0.00
0.00
0.00
0.00
0.00
0.00
0.00
0.00
0.00
0.00
0.00
0.00
0.00
0.00
0.00
0.00
0.00
0.00
0.00
0.00
0.00
0.00
0.00
0.00
0.00
0.00
0.00
0.00
0.00
0.00
0.00
0.00
0.00
0.00
0.00
0.00
0.00
0.00
0.00
0.00
0.00
0.00
0.00
0.00
0.00
0.00
0.00
0.00
0.00
0.00
0.00
0.00
0.00
0.00
0.00
0.00
0.00
0.00
0.00
0.00
0.00
0.00
0.00
0.00
0.00
0.00
0.00
0.00
0.00
0.00
0.00
0.00
0.00
0.00
0.00
0.00
0.00
0.00
0.00
0.00
0.00
0.00
0.00
0.00
0.00
0.00
0.00
0.00
0.00
0.00
0.00
0.00
0.00
0.00
0.00
0.00
0.00
0.00
0.00
0.00
0.00
0.00
0.00
0.00
0.00
0.00
0.00
0.00
0.00
0.00
0.00
0.00
0.00
0.00
0.00
0.00
0.00
0.00
0.00
0.00
0.00
0.00
0.00
0.00
0.00
0.00
0.00
0.00
0.00
0.00
0.00
0.00
0.00
0.00
0.00
0.00
0.00
0.00
0.00
0.00
0.01
0.00
0.00
0.00
0.00
0.00
0.00
0.00
0.00
0.00
0.00
0.00
0.00
0.00
0.00
0.00
0.00
0.00
0.00
0.00
0.00
0.00
0.00
0.00
0.00
0.00
0.00
0.00
0.00
0.00
0.00
0.00
0.00
0.00
0.00
0.00
0.00
0.00
0.00
0.00
0.00
0.00
0.00
0.00
0.00
0.00
0.00
0.00
0.00
0.00
0.00
0.00
0.00
0.00
0.00
0.00
0.00
0.00
0.00
0.00
0.00
0.00
0.00
0.00
0.00
0.00
0.00
0.00
0.00
0.00
0.00
0.00
0.00
0.00
0.00
0.00
0.00
0.00
0.00
0.00
0.00
0.00
0.00
0.00
0.00
0.00
0.00
0.00
0.00
0.00
0.00
0.00
0.00
0.00
0.00
0.00
0.00
0.00
0.00
0.00
0.00
0.00
0.00
0.00
0.00
0.00
0.00
0.00
0.00
0.00
0.00
0.00
0.00
0.00
0.00
0.00
0.00
0.00
0.00
0.00
0.00
0.00
0.00
0.00
0.00
0.00
0.00
0.00
0.00
0.00
0.00
0.00
0.00
0.00
0.00
0.00
0.00
0.00
0.00
0.00
0.00
0.00
0.00
0.00
0.00
0.00
0.00
0.00
0.00
0.00
0.00
0.00
0.00
0.00
0.00
0.00
0.00
0.00
0.00
0.00
0.00
0.00
0.00
0.00
0.00
0.00
0.00
0.00
0.00
0.00
0.00
0.00
0.00
0.00
0.00
0.00
0.00
0.00
0.00
0.00
0.00
0.00
0.00
0.00
0.00
0.00
0.00
0.00
0.00
0.00
0.00
0.00
0.00
0.00
0.00
0.00
0.00
0.00
0.00
0.00
0.00
0.00
0.00
0.00
0.00
0.00
0.00
0.00
0.00
0.00
0.00
0.00
0.00
0.00
0.00
0.00
0.00
0.00
0.00
0.00
0.00
0.00
0.00
0.00
0.00
0.00
0.00
0.00
0.00
0.00
0.00
0.00
0.00
0.00
0.00
0.00
0.00
0.00
0.00
0.00
0.00
0.00
0.00
0.00
0.00
0.00
0.00
0.00
0.00
0.00
0.00
0.00
0.00
0.00
0.00
0.00
0.00
0.00
0.00
0.00
0.00
0.00
0.00
0.00
0.00
0.00
0.00
0.00
0.00
0.00
0.00
0.00
0.00
0.00
0.00
0.00
0.00
0.00
0.00
0.00
0.00
0.00
0.00
0.00
0.00
0.00
0.00
0.00
0.00
0.00
0.00
0.00
0.00
0.00
0.00
0.00
0.00
0.00
0.00
0.00
0.00
0.00
0.00
0.00
0.00
0.00
0.00
0.00
0.00
0.00
0.00
0.00
0.00
0.00
0.00
0.00
0.00
0.00
0.00
0.00
0.00
0.00
0.00
0.00
0.00
0.00
0.00
0.00
0.00
0.00
0.00
0.00
0.00
0.00
0.00
0.00
0.00
0.00
0.00
0.00
0.00
0.00
0.00
0.00
0.00
0.00
0.00
0.00
0.00
0.00
0.00
0.00
0.00
0.00
0.00
0.00
0.00
0.00
0.00
0.00
0.00
0.00
0.00
0.00
0.00
0.00
0.00
0.00
0.00
0.00
0.00
0.00
0.00
0.00
0.00
0.00
0.00
0.00
0.00
0.00
0.00
0.00
0.00
0.00
0.00
0.00
0.00
0.00
0.00
0.00
0.00
0.00
0.00
0.00
0.00
0.00
0.00
0.00
0.00
0.00
0.00
0.00
0.00
0.00
0.00
0.00
0.00
0.00
0.00
0.00
0.00
0.00
0.00
0.00
0.00
0.00
0.00
0.00
0.00
0.00
0.00
0.00
0.00
0.00
0.00
0.00
0.00
0.00
0.00
0.00
0.00
0.00
0.00
0.00
0.00
0.00
0.00
0.00
0.00
0.00
0.00
0.00
0.00
0.00
0.00
0.00
0.00
0.00
0.00
0.00
0.00
0.00
0.00
0.00
0.00
0.00
0.00
0.00
0.00
0.00
0.00
0.00
0.00
0.00
0.00
0.00
0.00
0.00
0.00
0.00
0.00
0.00
0.00
0.00
0.00
0.00
0.00
0.00
0.00
0.00
0.00
0.00
0.00
0.00
0.00
0.00
0.00
0.00
0.00
0.00
0.00
0.00
0.00
0.00
0.00
0.00
0.00
0.00
0.00
0.00
0.00
0.00
0.00
0.00
0.00
0.00
0.00
0.00
0.00
0.00
0.00
0.00
0.00
0.00
0.00
0.00
0.00
0.00
0.00
0.00
0.00
0.00
0.00
0.00
0.00
0.00
0.00
0.00
0.00
0.00
0.00
0.00
0.00
0.00
0.00
0.00
0.00
0.00
0.00
0.00
0.00
0.00
0.00
0.00
0.00
0.00
0.00
0.00
0.00
0.00
0.00
0.00
0.00
0.00
0.00
0.00
0.00
0.00
0.00
0.00
0.00
0.00
0.00
0.00
0.00
0.00
0.00
0.00
0.00
0.00
0.00
0.00
0.00
0.00
0.00
0.00
0.00
0.00
0.00
0.00
0.00
0.00
0.00
0.00
0.00
0.00
0.00
0.00
0.00
0.00
0.00
0.00
0.00
0.00
0.00
0.00
0.00
0.00
0.00
0.00
0.00
0.00
0.00
0.00
0.00
0.00
0.00
0.00
0.00
0.00
0.00
0.00
0.00
0.00
0.00
0.00
0.00
0.00
0.00
0.00
0.00
0.00
0.00
0.00
0.00
0.00
0.00
0.00
0.00
0.00
0.00
0.00
0.00
0.00
0.00
0.00
0.00
0.00
0.00
0.00
0.00
0.00
0.00
0.00
0.00
0.00
0.00
0.00
0.00
0.00
0.00
0.00
0.00
0.00
0.00
0.00
0.00
0.00
0.00
0.00
0.00
0.00
0.00
0.00
0.00
0.00
0.00
0.00
0.00
0.00
0.00
0.00
0.00
0.00
0.00
0.00
0.00
0.00
0.00
0.00
0.00
0.00
0.00
0.00
0.00
0.00
0.00
0.00
0.00
0.00
0.00
0.00
0.00
0.00
0.00
0.00
0.00
0.00
0.00
0.00
0.00
0.00
0.00
0.00
0.00
0.00
0.00
0.00
0.00
0.00
0.00
0.00
0.00
0.00
0.00
0.00
0.00
0.00
0.00
0.00
0.00
0.00
0.00
0.00
0.00
0.00
0.00
0.00
0.00
0.00
0.00
0.00
0.00
0.00
0.00
0.00
0.00
0.00
0.00
0.00
0.00
0.00
0.00
0.00
0.00
0.00
0.00
0.00
0.00
0.00
0.00
0.00
0.00
0.00
0.00
0.00
0.00
0.00
0.00
0.00
0.00
0.00
0.00
0.00
0.00
0.00
0.00
0.00
0.00
0.00
0.00
0.00
0.00
0.00
0.00
0.00
0.00
0.00
0.00
0.00
0.00
0.00
0.00
0.00
0.00
0.00
0.00
0.00
0.00
0.00
0.00
0.00
0.00
0.00
0.00
0.00
0.00
0.00
0.00
0.00
0.00
0.00
0.00
0.00
0.00
0.00
0.00
0.00
0.00
0.00
0.00
0.00
0.00
0.00
0.00
0.00
0.00
0.00
0.00
0.00
0.00
0.00
0.00
0.00
0.00
0.00
0.00
0.00
0.00
0.00
0.00
0.00
0.00
0.00
0.00
0.00
0.00
0.00
0.00
0.00
0.00
0.00
0.00
0.00
0.00
0.00
0.00
0.00
0.00
0.00
0.00
0.00
0.00
0.00
0.00
0.00
0.00
0.00
0.00
0.00
0.00
0.00
0.00
0.00
0.00
0.00
0.00
0.00
0.00
0.00
0.00
0.00
0.00
0.00
0.00
0.00
0.00
0.00
0.00
0.00
0.00
0.00
0.00
0.00
0.00
0.00
0.00
0.00
0.00
0.00
0.00
0.00
0.00
0.00
0.00
0.00
0.00
0.00
0.00
0.00
0.00
0.00
0.00
0.00
0.00
0.00
0.00
0.00
0.00
0.00
0.00
0.00
0.00
0.00
0.00
0.00
0.00
0.00
0.00
0.00
0.00
0.00
0.00
0.00
0.00
0.00
0.00
0.00
0.00
0.00
0.00
0.00
0.00
0.00
0.00
0.00
0.00
0.00
0.00
0.00
0.00
0.00
0.00
0.00
0.00
0.00
0.00
0.00
0.00
0.00
0.00
0.00
0.00
0.00
0.00
0.00
0.00
0.00
0.00
0.00
0.00
0.00
0.00
0.00
0.00
0.00
0.00
0.00
0.00
0.00
0.00
0.00
0.00
0.00
0.00
0.00
0.00
0.00
0.00
0.00
0.00
0.00
0.00
0.00
0.00
0.00
0.00
0.00
0.00
0.00
0.00
0.00
0.00
0.00
0.00
0.00
0.00
0.00
0.00
0.00
0.00
0.00
0.00
0.00
0.00
0.00
0.00
0.00
0.00
0.00
0.00
0.00
0.00
0.00
0.00
0.00
0.00
0.00
0.00
0.00
0.00
0.00
0.00
0.00
0.00
0.00
0.00
0.00
0.00
0.00
0.00
0.00
0.00
0.00
0.00
0.00
0.00
0.00
0.00
0.00
0.00
0.00
0.00
0.00
0.00
0.00
0.00
0.00
0.00
0.00
0.00
0.00
0.00
0.00
0.00
0.00
